   0.0000000       1.0000000       1.0000000    
  1.49999997E-02  0.97044563      0.97044551    
  2.99999993E-02  0.94176453      0.94176453    
  4.49999981E-02  0.91393125      0.91393119    
  5.99999987E-02  0.88692045      0.88692045    
  7.49999955E-02  0.86070800      0.86070800    
  8.99999961E-02  0.83527029      0.83527023    
  0.10500000      0.81058431      0.81058425    
  0.12000000      0.78662783      0.78662789    
  0.13499999      0.76337945      0.76337951    
  0.14999999      0.74081826      0.74081826    
  0.16499999      0.71892375      0.71892375    
  0.17999999      0.69767630      0.69767636    
  0.19499999      0.67705685      0.67705691    
  0.20999999      0.65704679      0.65704685    
  0.22499999      0.63762814      0.63762814    
  0.23999999      0.61878335      0.61878341    
  0.25500000      0.60049558      0.60049558    
  0.26999998      0.58274829      0.58274829    
  0.28500000      0.56552553      0.56552547    
  0.29999998      0.54881167      0.54881167    
  0.31500000      0.53259176      0.53259182    
  0.32999998      0.51685131      0.51685137    
  0.34500000      0.50157601      0.50157607    
  0.35999998      0.48675227      0.48675227    
  0.37500000      0.47236654      0.47236654    
  0.38999999      0.45840600      0.45840603    
  0.40500000      0.44485801      0.44485807    
  0.41999999      0.43171051      0.43171054    
  0.43500000      0.41895154      0.41895154    
  0.44999999      0.40656966      0.40656966    
  0.46500000      0.39455369      0.39455372    
  0.47999999      0.38289285      0.38289291    
  0.49499997      0.37157673      0.37157670    
  0.50999999      0.36059493      0.36059496    
  0.52499998      0.34993774      0.34993777    
  0.53999996      0.33959556      0.33959556    
  0.55500001      0.32955891      0.32955897    
  0.56999999      0.31981903      0.31981903    
  0.58499998      0.31036690      0.31036696    
  0.59999996      0.30119422      0.30119422    
  0.61500001      0.29229254      0.29229257    
  0.63000000      0.28365406      0.28365403    
  0.64499998      0.27527076      0.27527079    
  0.65999997      0.26713526      0.26713532    
  0.67500001      0.25924027      0.25924024    
  0.69000000      0.25157857      0.25157854    
  0.70499998      0.24414328      0.24414329    
  0.71999997      0.23692776      0.23692778    
  0.73499995      0.22992544      0.22992551    
  0.75000000      0.22313015      0.22313017    
  0.76499999      0.21653569      0.21653567    
  0.77999997      0.21013606      0.21013609    
  0.79499996      0.20392565      0.20392562    
  0.81000000      0.19789870      0.19789870    
  0.82499999      0.19204989      0.19204992    
  0.83999997      0.18637401      0.18637398    
  0.85499996      0.18086576      0.18086581    
  0.87000000      0.17552042      0.17552041    
  0.88499999      0.17033301      0.17033300    
  0.89999998      0.16529894      0.16529889    
  0.91499996      0.16041350      0.16041358    
  0.93000001      0.15567257      0.15567262    
  0.94499999      0.15107177      0.15107182    
  0.95999998      0.14660703      0.14660697    
  0.97499996      0.14227419      0.14227408    
  0.98999995      0.13806932      0.13806926    
   1.0050000      0.13398881      0.13398868    
   1.0200000      0.13002862      0.13002871    
   1.0350000      0.12618564      0.12618579    
   1.0500000      0.12245625      0.12245644    
   1.0649999      0.11883745      0.11883731    
   1.0799999      0.11532514      0.11532514    
   1.0950000      0.11191670      0.11191674    
   1.1100000      0.10860892      0.10860910    
   1.1250000      0.10539922      0.10539922    
   1.1400000      0.10228429      0.10228421    
   1.1550000      9.92612317E-02  9.92612541E-02
   1.1700000      9.63275284E-02  9.63276476E-02
   1.1849999      9.34808478E-02  9.34807360E-02
   1.1999999      9.07178372E-02  9.07179639E-02
   1.2149999      8.80367607E-02  8.80368501E-02
   1.2300000      8.54347572E-02  8.54349509E-02
   1.2450000      8.29099938E-02  8.29099640E-02
   1.2600000      8.04597586E-02  8.04596096E-02
   1.2750000      7.80816525E-02  7.80816674E-02
   1.2900000      7.57738724E-02  7.57740065E-02
   1.3049999      7.35343099E-02  7.35345483E-02
   1.3199999      7.13613182E-02  7.13612810E-02
   1.3349999      6.92525283E-02  6.92522377E-02
   1.3500000      6.72055110E-02  6.72055110E-02
   1.3650000      6.52193576E-02  6.52192906E-02
   1.3800000      6.32916838E-02  6.32917657E-02
   1.3950000      6.14209995E-02  6.14212155E-02
   1.4100000      5.96059784E-02  5.96059449E-02
   1.4250000      5.78446575E-02  5.78443259E-02
   1.4399999      5.61346188E-02  5.61347716E-02
   1.4549999      5.44757135E-02  5.44757396E-02
   1.4699999      5.28656095E-02  5.28657399E-02
   1.4850000      5.13031855E-02  5.13033085E-02
