  8.12753109E-44  0.  1.
  0.0199999996  0.0199999996  0.998399973
  0.0399999991  0.0399679989  0.995202541
  0.0599999987  0.0598720498  0.990412772
  0.0799999982  0.0796803087  0.984038353
  0.099999994  0.099361077  0.976089478
  0.11999999  0.118882865  0.966578841
  0.139999986  0.138214439  0.955521703
  0.159999982  0.15732488  0.942935705
  0.179999977  0.176183596  0.928840995
  0.199999973  0.194760412  0.913260162
  0.219999969  0.213025615  0.896218121
  0.239999965  0.230949983  0.877742112
  0.259999961  0.248504817  0.857861757
  0.279999971  0.265662044  0.836608768
  0.299999982  0.28239423  0.814017236
  0.319999993  0.298674583  0.790123284
  0.340000004  0.314477056  0.764965117
  0.360000014  0.329776347  0.738583028
  0.380000025  0.344548017  0.711019158
  0.400000036  0.358768404  0.682317674
  0.420000046  0.372414768  0.652524471
  0.440000057  0.385465264  0.621687233
  0.460000068  0.397899002  0.589855313
  0.480000079  0.409696102  0.557079613
  0.50000006  0.4208377  0.523412585
  0.520000041  0.431305945  0.488908112
  0.540000021  0.441084117  0.453621387
  0.560000002  0.45015654  0.417608857
  0.579999983  0.45850873  0.380928159
  0.599999964  0.466127306  0.343637973
  0.619999945  0.473000079  0.305797964
  0.639999926  0.479116052  0.267468691
  0.659999907  0.48446542  0.228711456
  0.679999888  0.48903966  0.189588279
  0.699999869  0.492831439  0.150161773
  0.71999985  0.495834678  0.110495001
  0.739999831  0.49804458  0.0706514344
  0.759999812  0.499457598  0.0306948274
  0.779999793  0.500071466 -0.00931088999
  0.799999774  0.499885261 -0.04930171
  0.819999754  0.498899221 -0.0892136469
  0.839999735  0.497114956 -0.128982842
  0.859999716  0.494535297 -0.168545663
  0.879999697  0.491164386 -0.207838818
  0.899999678  0.487007618 -0.246799424
  0.919999659  0.482071638 -0.285365164
  0.93999964  0.476364344 -0.323474318
  0.959999621  0.469894856 -0.361065894
  0.979999602  0.462673545 -0.398079783
  0.999999583  0.454711944 -0.434456736
  1.01999962  0.446022809 -0.47013855
  1.0399996  0.436620027 -0.505068123
  1.05999959  0.426518679 -0.539189637
  1.07999957  0.415734887 -0.572448432
  1.09999955  0.404285908 -0.604791284
  1.11999953  0.392190069 -0.636166513
  1.13999951  0.379466742 -0.666523874
  1.15999949  0.366136253 -0.695814788
  1.17999947  0.352219969 -0.723992407
  1.19999945  0.337740123 -0.75101161
  1.21999943  0.322719902 -0.776829183
  1.23999941  0.307183325 -0.801403821
  1.25999939  0.291155249 -0.824696243
  1.27999938  0.274661332 -0.846669137
  1.29999936  0.257727951 -0.867287397
  1.31999934  0.240382209 -0.886518002
  1.33999932  0.222651854 -0.904330134
  1.3599993  0.204565257 -0.920695364
  1.37999928  0.186151356 -0.935587466
  1.39999926  0.16743961 -0.948982656
  1.41999924  0.148459956 -0.960859478
  1.43999922  0.129242763 -0.971198916
  1.4599992  0.109818786 -0.979984403
  1.47999918  0.0902190953 -0.987201929
  1.49999917  0.0704750568 -0.992839932
  1.51999915  0.0506182611 -0.996889412
  1.53999913  0.0306804739 -0.999343872
  1.55999911  0.0106935967 -1.00019932
  1.57999909 -0.00931038894 -0.999454498
  1.59999907 -0.029299479 -0.997110546
  1.61999905 -0.0492416918 -0.993171215
  1.63999903 -0.0691051185 -0.987642825
  1.65999901 -0.0888579786 -0.980534196
  1.67999899 -0.108468667 -0.971856713
  1.69999897 -0.127905801 -0.961624265
  1.71999896 -0.147138283 -0.949853182
  1.73999894 -0.166135341 -0.936562359
  1.75999892 -0.184866592 -0.921773016
  1.7799989 -0.203302056 -0.905508876
  1.79999888 -0.221412227 -0.887795925
  1.81999886 -0.239168137 -0.868662477
  1.83999884 -0.256541371 -0.848139167
  1.85999882 -0.273504168 -0.826258838
  1.8799988 -0.290029347 -0.803056479
  1.89999878 -0.306090474 -0.778569221
  1.91999876 -0.32166186 -0.752836287
  1.93999875 -0.336718589 -0.725898802
  1.95999873 -0.351236552 -0.697799861
  1.97999871 -0.365192562 -0.668584466
  1.99999869 -0.378564239 -0.638299346
  2.01999879 -0.391330212 -0.60699296
  2.03999877 -0.403470069 -0.574715376
  2.05999875 -0.414964378 -0.541518211
  2.07999873 -0.42579475 -0.507454634
  2.09999871 -0.435943842 -0.472579122
  2.11999869 -0.44539541 -0.436947495
  2.13999867 -0.454134345 -0.400616735
  2.15999866 -0.46214667 -0.363645017
  2.17999864 -0.469419569 -0.326091468
  2.19999862 -0.47594139 -0.28801617
  2.2199986 -0.481701702 -0.249480039
  2.23999858 -0.486691296 -0.210544735
  2.25999856 -0.490902185 -0.171272561
  2.27999854 -0.494327635 -0.131726354
  2.29999852 -0.49696216 -0.0919693857
  2.3199985 -0.498801559 -0.0520652607
  2.33999848 -0.499842852 -0.0120778345
  2.35999846 -0.5000844  0.0279289149
  2.37999845 -0.499525815  0.0678909793
  2.39999843 -0.498167992  0.107744418
  2.41999841 -0.496013105  0.147425473
  2.43999839 -0.493064582  0.186870635
  2.45999837 -0.489327163  0.226016805
  2.47999835 -0.484806836  0.264801353
  2.49999833 -0.479510814  0.303162217
  2.51999831 -0.473447561  0.341038018
  2.53999829 -0.466626793  0.378368169
  2.55999827 -0.459059417  0.415092915
  2.57999825 -0.450757563  0.451153517
  2.59999824 -0.441734493  0.486492276
  2.61999822 -0.43200466  0.521052659
  2.6399982 -0.421583593  0.554779351
  2.65999818 -0.410488009  0.587618411
  2.67999816 -0.398735642  0.619517267
  2.69999814 -0.386345297  0.650424898
  2.71999812 -0.373336792  0.680291831
  2.7399981 -0.359730959  0.709070325
  2.75999808 -0.345549554  0.736714303
  2.77999806 -0.330815256  0.763179541
  2.79999804 -0.315551668  0.788423657
  2.81999803 -0.2997832  0.812406301
  2.83999801 -0.283535063  0.835089087
  2.85999799 -0.266833276  0.856435776
  2.87999797 -0.249704555  0.876412153
  2.89999795 -0.232176304  0.894986272
  2.91999793 -0.214276582  0.912128389
  2.93999791 -0.196034014  0.927811086
  2.95999789 -0.177477792  0.94200933
  2.97999787 -0.158637613  0.954700351
  2.99999785 -0.139543608  0.965863824
  3.01999784 -0.120226331  0.975481927
  3.03999782 -0.100716695  0.983539283
  3.0599978 -0.0810459107  0.990022957
  3.07999778 -0.0612454526  0.994922578
  3.09999776 -0.0413470007  0.998230338
  3.11999774 -0.0213823952  0.999940932
  3.13999772 -0.00138357654  1.00005162
  3.1599977  0.0186174549  0.998562217
  3.17999768  0.038588699  0.995475113
  3.19999766  0.0584982  0.990795255
  3.21999764  0.0783141032  0.984530151
  3.23999763  0.0980047062  0.976689756
  3.25999761  0.117538497  0.967286706
  3.27999759  0.136884227  0.956335962
  3.29999757  0.156010941  0.943855107
  3.31999755  0.174888045  0.929864049
  3.33999753  0.19348532  0.9143852
  3.35999751  0.211773023  0.897443354
  3.37999749  0.229721889  0.879065633
  3.39999747  0.247303203  0.859281361
  3.41999745  0.264488816  0.838122249
  3.43999743  0.281251252  0.815622151
  3.45999742  0.297563702  0.791817069
  3.4799974  0.31340003  0.76674509
  3.49999738  0.328734934  0.74044627
  3.51999736  0.343543857  0.712962747
  3.53999734  0.357803106  0.68433851
  3.55999732  0.371489882  0.654619336
  3.5799973  0.384582281  0.62385273
  3.59999728  0.397059321  0.592087984
  3.61999726  0.408901095  0.559375882
  3.63999724  0.420088619  0.525768816
  3.65999722  0.430603981  0.491320491
  3.67999721  0.440430403  0.456086069
  3.69999719  0.449552119  0.420121908
  3.71999717  0.457954556  0.383485556
  3.73999715  0.465624273  0.346235603
  3.75999713  0.472548991  0.308431685
  3.77999711  0.478717625  0.27013427
  3.79999709  0.484120309  0.231404647
  3.81999707  0.488748401  0.192304775
  3.83999705  0.49259451  0.152897209
  3.85999703  0.495652467  0.11324501
  3.87999701  0.497917354  0.0734116212
  3.899997  0.499385595  0.0334607735
  3.91999698  0.500054836 -0.00654361397
  3.93999696  0.499923974 -0.0465375297
  3.95999694  0.498993218 -0.0864569843
  3.97999692  0.497264087 -0.126238108
  3.9999969  0.494739324 -0.165817261
  4.01999712  0.491422981 -0.205131099
  4.0399971  0.487320364 -0.244116724
  4.05999708  0.482438028 -0.282711774
  4.07999706  0.476783782 -0.320854485
  4.09999704  0.470366687 -0.358483821
  4.11999702  0.463197023 -0.395539582
  4.13999701  0.455286235 -0.43196249
  4.15999699  0.446646988 -0.467694253
  4.17999697  0.437293112 -0.502677679
  4.19999695  0.427239567 -0.53685683
  4.21999693  0.416502416 -0.570177019
  4.23999691  0.405098885 -0.602584958
  4.25999689  0.393047184 -0.634028733
  4.27999687  0.380366623 -0.664458036
  4.29999685  0.36707747 -0.693824232
  4.31999683  0.353200972 -0.72208029
  4.33999681  0.338759363 -0.749181032
  4.3599968  0.323775738 -0.775083065
  4.37999678  0.30827409 -0.799744964
  4.39999676  0.292279184 -0.82312727
  4.41999674  0.275816649 -0.845192611
  4.43999672  0.258912802 -0.865905643
  4.4599967  0.241594687 -0.885233223
  4.47999668  0.223890021 -0.903144419
  4.49999666  0.205827132 -0.91961062
  4.51999664  0.187434912 -0.93460542
  4.53999662  0.168742806 -0.948104858
  4.5599966  0.149780706 -0.960087299
  4.57999659  0.130578965 -0.970533609
  4.59999657  0.111168295 -0.979427099
  4.61999655  0.0915797502 -0.986753464
  4.63999653  0.0718446821 -0.99250102
  4.65999651  0.0519946627 -0.99666059
  4.67999649  0.0320614502 -0.999225497
  4.69999647  0.0120769404 -1.00019169
  4.71999645 -0.00792689249 -0.999557555
  4.73999643 -0.0279180426 -0.997324109
  4.75999641 -0.0478645265 -0.993494928
  4.7799964 -0.0677344203 -0.98807615
  4.79999638 -0.0874959454 -0.981076479
  4.81999636 -0.107117474 -0.97250706
  4.83999634 -0.126567617 -0.962381661
  4.85999632 -0.145815253 -0.950716436
  4.8799963 -0.164829582 -0.937530041
  4.89999628 -0.18358019 -0.922843635
  4.91999626 -0.202037066 -0.906680644
  4.93999624 -0.220170677 -0.889066994
  4.95999622 -0.237952024 -0.87003082
  4.9799962 -0.255352646 -0.84960258
  4.99999619 -0.272344708 -0.827814996
